% number of repeats:% 3
% enter nfirst, nlast, ninc:% 500 6000 500 
data_SymMatVec1( 1, 1:2 ) = [ 500 1.373000e-03 ];
data_SymMatVec2( 1, 1:3 ) = [ 500 6.810000e-04 0.000000e+00];
data_SymMatVec3( 1, 1:3 ) = [ 500 1.532000e-03 0.000000e+00];
data_SymMatVec1( 2, 1:2 ) = [ 1000 5.189000e-03 ];
data_SymMatVec2( 2, 1:3 ) = [ 1000 3.969000e-03 0.000000e+00];
data_SymMatVec3( 2, 1:3 ) = [ 1000 6.705000e-03 0.000000e+00];
data_SymMatVec1( 3, 1:2 ) = [ 1500 2.647600e-02 ];
data_SymMatVec2( 3, 1:3 ) = [ 1500 2.682000e-02 0.000000e+00];
data_SymMatVec3( 3, 1:3 ) = [ 1500 1.340200e-02 0.000000e+00];
data_SymMatVec1( 4, 1:2 ) = [ 2000 6.305400e-02 ];
data_SymMatVec2( 4, 1:3 ) = [ 2000 6.053400e-02 0.000000e+00];
data_SymMatVec3( 4, 1:3 ) = [ 2000 2.327300e-02 0.000000e+00];
data_SymMatVec1( 5, 1:2 ) = [ 2500 1.937290e-01 ];
data_SymMatVec2( 5, 1:3 ) = [ 2500 1.609410e-01 0.000000e+00];
data_SymMatVec3( 5, 1:3 ) = [ 2500 3.695000e-02 0.000000e+00];
data_SymMatVec1( 6, 1:2 ) = [ 3000 1.860700e-01 ];
data_SymMatVec2( 6, 1:3 ) = [ 3000 1.921590e-01 0.000000e+00];
data_SymMatVec3( 6, 1:3 ) = [ 3000 5.317900e-02 0.000000e+00];
data_SymMatVec1( 7, 1:2 ) = [ 3500 2.830550e-01 ];
data_SymMatVec2( 7, 1:3 ) = [ 3500 2.948620e-01 0.000000e+00];
data_SymMatVec3( 7, 1:3 ) = [ 3500 7.130100e-02 0.000000e+00];
data_SymMatVec1( 8, 1:2 ) = [ 4000 3.898780e-01 ];
data_SymMatVec2( 8, 1:3 ) = [ 4000 3.756160e-01 0.000000e+00];
data_SymMatVec3( 8, 1:3 ) = [ 4000 9.905700e-02 0.000000e+00];
data_SymMatVec1( 9, 1:2 ) = [ 4500 5.416360e-01 ];
data_SymMatVec2( 9, 1:3 ) = [ 4500 5.269540e-01 0.000000e+00];
data_SymMatVec3( 9, 1:3 ) = [ 4500 1.185970e-01 0.000000e+00];
data_SymMatVec1( 10, 1:2 ) = [ 5000 7.423040e-01 ];
data_SymMatVec2( 10, 1:3 ) = [ 5000 7.114010e-01 0.000000e+00];
data_SymMatVec3( 10, 1:3 ) = [ 5000 1.499670e-01 0.000000e+00];
data_SymMatVec1( 11, 1:2 ) = [ 5500 8.567670e-01 ];
data_SymMatVec2( 11, 1:3 ) = [ 5500 8.138610e-01 0.000000e+00];
data_SymMatVec3( 11, 1:3 ) = [ 5500 1.747080e-01 0.000000e+00];
data_SymMatVec1( 12, 1:2 ) = [ 6000 9.991730e-01 ];
data_SymMatVec2( 12, 1:3 ) = [ 6000 9.763950e-01 0.000000e+00];
data_SymMatVec3( 12, 1:3 ) = [ 6000 2.095460e-01 0.000000e+00];
