% number of repeats:% 3
% enter nfirst, nlast, ninc:% 500 6000 500 
data_SymMatVec1( 1, 1:2 ) = [ 500 9.581850e-04 ];
data_SymMatVec4( 1, 1:3 ) = [ 500 9.307210e-04 0.000000e+00];
data_SymMatVec5( 1, 1:3 ) = [ 500 9.317890e-04 0.000000e+00];
data_SymMatVec1( 2, 1:2 ) = [ 1000 9.317890e-04 ];
data_SymMatVec4( 2, 1:3 ) = [ 1000 2.443993e-03 0.000000e+00];
data_SymMatVec5( 2, 1:3 ) = [ 1000 2.445039e-03 0.000000e+00];
data_SymMatVec1( 3, 1:2 ) = [ 1500 2.445039e-03 ];
data_SymMatVec4( 3, 1:3 ) = [ 1500 4.467140e-03 0.000000e+00];
data_SymMatVec5( 3, 1:3 ) = [ 1500 4.470715e-03 0.000000e+00];
data_SymMatVec1( 4, 1:2 ) = [ 2000 4.470715e-03 ];
data_SymMatVec4( 4, 1:3 ) = [ 2000 7.399247e-03 0.000000e+00];
data_SymMatVec5( 4, 1:3 ) = [ 2000 7.369701e-03 0.000000e+00];
data_SymMatVec1( 5, 1:2 ) = [ 2500 7.369701e-03 ];
data_SymMatVec4( 5, 1:3 ) = [ 2500 1.181324e-02 0.000000e+00];
data_SymMatVec5( 5, 1:3 ) = [ 2500 1.199955e-02 0.000000e+00];
data_SymMatVec1( 6, 1:2 ) = [ 3000 1.199955e-02 ];
data_SymMatVec4( 6, 1:3 ) = [ 3000 1.836511e-02 0.000000e+00];
data_SymMatVec5( 6, 1:3 ) = [ 3000 1.797653e-02 0.000000e+00];
data_SymMatVec1( 7, 1:2 ) = [ 3500 1.797653e-02 ];
data_SymMatVec4( 7, 1:3 ) = [ 3500 2.597208e-02 0.000000e+00];
data_SymMatVec5( 7, 1:3 ) = [ 3500 2.581340e-02 0.000000e+00];
data_SymMatVec1( 8, 1:2 ) = [ 4000 2.581340e-02 ];
data_SymMatVec4( 8, 1:3 ) = [ 4000 4.886293e-02 0.000000e+00];
data_SymMatVec5( 8, 1:3 ) = [ 4000 4.875658e-02 0.000000e+00];
data_SymMatVec1( 9, 1:2 ) = [ 4500 4.615785e-02 ];
data_SymMatVec4( 9, 1:3 ) = [ 4500 4.654974e-02 0.000000e+00];
data_SymMatVec5( 9, 1:3 ) = [ 4500 4.640351e-02 0.000000e+00];
data_SymMatVec1( 10, 1:2 ) = [ 5000 4.640351e-02 ];
data_SymMatVec4( 10, 1:3 ) = [ 5000 5.844398e-02 0.000000e+00];
data_SymMatVec5( 10, 1:3 ) = [ 5000 5.856456e-02 0.000000e+00];
data_SymMatVec1( 11, 1:2 ) = [ 5500 5.856456e-02 ];
data_SymMatVec4( 11, 1:3 ) = [ 5500 7.385771e-02 0.000000e+00];
data_SymMatVec5( 11, 1:3 ) = [ 5500 7.409704e-02 0.000000e+00];
data_SymMatVec1( 12, 1:2 ) = [ 6000 7.409704e-02 ];
data_SymMatVec4( 12, 1:3 ) = [ 6000 1.026813e-01 0.000000e+00];
data_SymMatVec5( 12, 1:3 ) = [ 6000 1.027927e-01 0.000000e+00];
