% number of repeats:% 3
% enter nfirst, nlast, ninc:% 500 6000 500 
hi
data_SymMatVec1( 1, 1:2 ) = [ 500 1.022873e-03 ];
data_SymMatVec4( 1, 1:3 ) = [ 500 9.957430e-04 0.000000e+00];
data_SymMatVec5( 1, 1:3 ) = [ 500 9.916490e-04 0.000000e+00];
hi
data_SymMatVec1( 2, 1:2 ) = [ 1000 9.916490e-04 ];
data_SymMatVec4( 2, 1:3 ) = [ 1000 2.743126e-03 0.000000e+00];
data_SymMatVec5( 2, 1:3 ) = [ 1000 2.739649e-03 0.000000e+00];
hi
data_SymMatVec1( 3, 1:2 ) = [ 1500 2.739649e-03 ];
data_SymMatVec4( 3, 1:3 ) = [ 1500 5.161416e-03 0.000000e+00];
data_SymMatVec5( 3, 1:3 ) = [ 1500 5.162717e-03 0.000000e+00];
hi
data_SymMatVec1( 4, 1:2 ) = [ 2000 5.162717e-03 ];
data_SymMatVec4( 4, 1:3 ) = [ 2000 8.480420e-03 0.000000e+00];
data_SymMatVec5( 4, 1:3 ) = [ 2000 8.483462e-03 0.000000e+00];
hi
data_SymMatVec1( 5, 1:2 ) = [ 2500 8.483462e-03 ];
data_SymMatVec4( 5, 1:3 ) = [ 2500 1.327948e-02 0.000000e+00];
data_SymMatVec5( 5, 1:3 ) = [ 2500 1.326755e-02 0.000000e+00];
hi
data_SymMatVec1( 6, 1:2 ) = [ 3000 1.326755e-02 ];
data_SymMatVec4( 6, 1:3 ) = [ 3000 2.083107e-02 0.000000e+00];
data_SymMatVec5( 6, 1:3 ) = [ 3000 2.084081e-02 0.000000e+00];
hi
data_SymMatVec1( 7, 1:2 ) = [ 3500 2.084081e-02 ];
data_SymMatVec4( 7, 1:3 ) = [ 3500 2.920895e-02 0.000000e+00];
data_SymMatVec5( 7, 1:3 ) = [ 3500 2.922724e-02 0.000000e+00];
hi
data_SymMatVec1( 8, 1:2 ) = [ 4000 2.922724e-02 ];
data_SymMatVec4( 8, 1:3 ) = [ 4000 4.866493e-02 0.000000e+00];
data_SymMatVec5( 8, 1:3 ) = [ 4000 4.864486e-02 0.000000e+00];
hi
data_SymMatVec1( 9, 1:2 ) = [ 4500 4.864486e-02 ];
data_SymMatVec4( 9, 1:3 ) = [ 4500 4.972651e-02 0.000000e+00];
data_SymMatVec5( 9, 1:3 ) = [ 4500 4.978796e-02 0.000000e+00];
hi
data_SymMatVec1( 10, 1:2 ) = [ 5000 4.978796e-02 ];
data_SymMatVec4( 10, 1:3 ) = [ 5000 6.220514e-02 0.000000e+00];
data_SymMatVec5( 10, 1:3 ) = [ 5000 6.230718e-02 0.000000e+00];
hi
data_SymMatVec1( 11, 1:2 ) = [ 5500 6.230718e-02 ];
data_SymMatVec4( 11, 1:3 ) = [ 5500 7.749002e-02 0.000000e+00];
data_SymMatVec5( 11, 1:3 ) = [ 5500 7.747452e-02 0.000000e+00];
hi
data_SymMatVec1( 12, 1:2 ) = [ 6000 7.747452e-02 ];
data_SymMatVec4( 12, 1:3 ) = [ 6000 1.029119e-01 0.000000e+00];
data_SymMatVec5( 12, 1:3 ) = [ 6000 1.029280e-01 0.000000e+00];
